1592007741
269117711
1128163475
696131209
859943961
351423425
307533009
1098907450
1256713304
1583500170
494306394
1536813406
748924569
1393966354
1112195669
509641249
896808465
294370031
748924569
1112195669
297545376
1598797796
1668964306
709873853
709876791
832192850
286138232
861676394
859936688
831850885
259599215
233429790
831667712
831666052
313392674
340003629
879512994
319442528
342191734
1318041975
1358323074
1703009474
1561618797
1112195669
1358323074
1029341178
1375756977
581697958
581877918
1366215387
645128934
645130091
973069436
401923812
294265336
733202951
828415699
511556092
859938075
675900367
414563076
676724711
389528079
1375756977
581697958
581877918
1366215387
645128934
645130091
973069436
401923812
294265336
733202951
828415699
511556092
859938075
675900367
414563076
676724711
389528079
466767728
466795136
768583026
1375756977
581697958
581877918
1366215387
645128934
645130091
973069436
401923812
294265336
733202951
828415699
511556092
859938075
675900367
414563076
676724711
389528079
466767728
466795136
768583026
768568790
1375756977
581697958
581877918
1366215387
645128934
645130091
973069436
401923812
294265336
733202951
828415699
511556092
859938075
675900367
414563076
676724711
389528079
466767728
466795136
768583026
768568790
627487316
830796773
832187841
511540747
636769354
828424340
670098455
359280619
913258511
670099480
453835558
581890245
616542695
636767875
668259704
706095348
773974900
414550028
467418576
828444970
828405442
645098842
466774600
828378194
466764908
670096080
828408426
708887202
416723235
615469599
616536277
675942401
731642561
581918122
676061865
828725710
828431969
675941113
359287385
399790781
828718657
511537997
828394753
702660401
414538669
620752923
1716889726
620752450
1383668529
1707963944
128639705
1014538650
1709730535
1345439330
1368457564
1551657942
563538292
1541743897
285338148
128636092
333761379
1026539286
313273411
1324028719
1257149645
1267273014
292928407
1343779086
1357517396
1472723485
342126928
319594668
592667832
861650551
1049489711
183973175
1238504022
1326882056
1408451853
1544262365
1676646212
241611201
1258423855
314983723
751647417
314977509
744685389
751606694
978127603
1088602483
1284645357
1392295384
1512990275
1522273810
243345014
1408443958
1254275573
1340568237
1435620053
1459981350
1662965315
505759595
749435286
1575276670
1365455918
1442640386
1632589152
683555395
683567219
736120229
1402455751
726413030
751639203
751651356
751654544
757255723
774287357
616966339
659600627
726415580
732660453
751655945
757306648
774286302
1121310057
341256833
341258494
1699510115
1077107393
766067012
879974256
1469332395
1005408887
1194648037
879972136
732649775
775279400
775290980
1215090053
1356025573
1704136575
1670601148
1388688135
1595455232
1721528905
1392389795
1253443125
1605910823
243336124
1120113004
1387433159
1498430809
1512002392
1654962704
998131885
1135260897
1414504807
1439610238
1564182273
1632937788
1295150703
1563314627
1627807282
571594207
1115972224
1598355188
1305522560
1575628431
341777286
298520077
165197697
298545977
341371678
352602346
387366738
390542948
732654081
744690378
1211559144
684022080
327143116
387374985
351418459
351422722
376981215
397671789
721274756
169690622
246314883
327130386
327134932
341761083
351204954
351294347
390537973
298578999
390540363
397667673
163938917
327144130
341385874
351420257
352592982
341765850
387362098
390526855
294359335
327139917
352584960
298542300
227616961
298533228
334753903
341390885
352589259
390524289
246312382
327134350
341368383
163479350
249895219
339919915
408571547
431807856
319590286
320893397
163409789
315693078
351208435
352104714
352579920
542900546
341376094
408576463
408584204
458308368
259509030
309085338
163414395
163686293
246315859
466040210
466074551
246316484
163664491
167359191
169683369
351212066
351435779
163475114
163668594
163690242
166841169
166845261
246313467
259513279
281539886
298594510
307919313
341800587
431800967
163683239
168350351
298550479
163472880
163709769
279071204
1375756977
581697958
1375756977
1375756977
