840568834
1354948617
831694861
309000206
911388708
227612714
878481452
1653805106
298637364
319436858
1715671103
896661574
314980426
306767946
227428436
831924322
827943011
155132006
270555239
831893606
1646907522
896655496
1008906379
838434958
896659603
1128163475
670097558
1112715417
341381276
858718376
351236265
1333485746
861700279
1430917309
969892029
709873853
812062912
1000958144
255312067
201214161
218439897
1303945439
1044490463
1227110628
1550649574
1701466344
581898475
1120121087
294334731
269117711
304902416
1680894226
297189653
292434213
1640603942
445925671
1363122477
831269170
434622779
286144832
957243715
225517894
1699256652
351297871
879518033
503202130
1458757969
832192850
1536813406
1640038751
309061985
1561618797
1242612078
384754031
1632295278
829790574
394262898
831691125
1318041975
766058880
878483843
351416709
831850885
1156821384
243317131
1326983566
322795919
777705882
1093310874
879960481
886788524
515987889
1502532019
697283003
1356159421
319441342
155120064
1370376643
896657860
831896005
1562583491
313283021
1317040602
763781595
293886428
351433199
993387014
1521519110
323484170
831674890
832150030
387363345
736125462
832188951
1228503580
220690972
832201245
509641249
1533248037
203151926
293892664
410524224
1106997824
1112195669
1361113690
293913182
503206495
184029793
359367271
460341868
285295213
297183854
1257855608
259523204
552000138
1501977244
323394207
292956833
268055203
1375756977
1276906164
270559931
449362620
838433472
828363463
1492144841
1287697097
322794187
269120205
269118180
1423502058
294370031
306723575
255359746
1064272644
1452899083
878478094
812178192
233429790
351296287
298570539
340003629
878482233
307297086
1493979971
1657574234
1566501734
227160934
861676394
812077934
233442159
259599215
998531955
382176121
313279357
512656255
270553985
1583500170
831652750
896910240
423076771
307313580
1623481264
387365813
1442446273
351423425
1657906117
695116753
1444537299
351417321
310447083
1098218485
945482743
341449727
831892491
1303811089
859943961
445914146
831915054
319462447
183966768
709876791
818936892
1592007741
303270975
1436341316
292432976
1256713304
494306394
298601562
1050907744
1336847461
1345379436
233434234
879041662
552000652
1397625997
684668051
1680839830
1665307804
749462689
807285943
269118650
466037947
298646716
791321791
1703009474
818953412
291863754
341939406
307543246
896971984
307533009
322637028
1020034279
383161583
1386872052
1718263029
831687942
1393966354
957482260
1057475868
1269663011
1669084458
859317547
298554673
1688169781
1371829558
879521078
829795640
859936057
387372346
309075260
1326384444
859315525
612984136
153140555
320077144
832191843
507350373
1319245158
1364213097
286164338
503205240
896656766
1358323074
965537157
998710672
831894928
380949910
298575261
1559248288
879512994
1285606821
683546033
1524458930
1448981940
451454391
831649216
1339082179
1500751303
153144778
445912524
297176535
286174683
306820582
1493423601
1681714674
308516337
831897073
1525112313
766045691
342341115
831667712
445922818
1525863938
1239815687
1441127952
896808465
1373670944
270558754
386688546
313392674
269133355
293905963
254643766
1010560571
153167429
381242954
474003026
153171538
278783572
832190047
319442528
342191734
512654970
702619266
434636420
696131209
434630284
1363648140
351424143
1564069521
1070515862
748924569
297545376
941098659
1387417251
122275498
286166698
285322928
879793853
878479038
307910336
1654527685
306796235
683544273
297203418
225535728
1633963769
1458095867
1046263548
298598151
760684295
156534541
1629282076
153169698
453873447
763770664
831889198
1626574638
1654925104
896900919
225525560
319438649
1098907450
878483257
507623235
294268753
879073118
940906340
1531096938
859322224
319549300
1701072758
286138232
255405945
286156664
1597308795
1585764220
1461413764
831666052
831870862
1443610510
830775186
319473559
466079640
306708387
819433382
859936688
762849201
1550342070
285288377
307521466
832188354
878477256
1668964306
905811925
351250389
858732515
1598797796
291979241
1386588140
1301538797
1718732784
830824433
830771189
812077048
1029341178
233439230
